{"ruta": "ENV-RM-VER-SAB-3", "contenedores": ["depositoUrbaser", "106-003-E03", "106-003-E01", "106-003-E02", "091-001-E01", "091-002-E01", "091-003-E02", "091-003-E01", "082-004-E01", "082-001-E01", "082-002-E01", "035-001-E01", "081-001-E01", "132-004-E01", "132-002-E01", "132-001-E01", "147-001-E01", "146-001-E01", "146-001-E02", "088-003-E01", "135-003-E02", "135-001-E02", "135-001-E01", "135-003-E01", "Ecoparque"], "matriz": [[0, 1671, 1671, 1671, 2708, 2719, 2685, 2686, 2933, 2912, 2927, 2727, 2510, 2399, 2368, 2374, 2101, 1822, 1823, 1448, 1826, 1748, 1748, 1826, 1057], [1661, 0, 1, 0, 1335, 1346, 1313, 1313, 2244, 2223, 2238, 2038, 1845, 1986, 1987, 2040, 2254, 2533, 2532, 2281, 2782, 2703, 2703, 2782, 2308], [1661, 1, 0, 0, 1335, 1347, 1313, 1313, 2244, 2223, 2238, 2038, 1845, 1986, 1987, 2041, 2254, 2533, 2533, 2282, 2782, 2704, 2704, 2782, 2309], [1661, 0, 0, 0, 1335, 1347, 1313, 1313, 2244, 2223, 2238, 2038, 1845, 1986, 1987, 2040, 2254, 2533, 2532, 2281, 2782, 2704, 2703, 2782, 2308], [2693, 1331, 1331, 1331, 0, 20, 41, 42, 1124, 1145, 1133, 1330, 1547, 1688, 1689, 1743, 1956, 2235, 2235, 2837, 3814, 3736, 3736, 3814, 3341], [2705, 1342, 1343, 1342, 20, 0, 48, 48, 1136, 1157, 1144, 1342, 1559, 1700, 1701, 1754, 1968, 2247, 2246, 2849, 3826, 3748, 3747, 3826, 3352], [2671, 1309, 1309, 1309, 41, 48, 0, 0, 1102, 1123, 1110, 1308, 1525, 1666, 1667, 1721, 1934, 2213, 2213, 2815, 3792, 3714, 3714, 3792, 3318], [2671, 1309, 1309, 1309, 42, 48, 0, 0, 1102, 1123, 1111, 1308, 1525, 1666, 1667, 1721, 1934, 2213, 2213, 2815, 3792, 3714, 3714, 3792, 3319], [2938, 2244, 2244, 2244, 1124, 1136, 1102, 1102, 0, 21, 9, 206, 423, 564, 565, 619, 832, 1111, 1111, 1713, 3277, 3199, 3199, 3277, 3456], [2917, 2223, 2223, 2223, 1145, 1157, 1123, 1123, 21, 0, 15, 185, 402, 543, 544, 598, 811, 1090, 1090, 1692, 3256, 3178, 3178, 3256, 3435], [2932, 2238, 2238, 2238, 1133, 1144, 1111, 1111, 9, 15, 0, 200, 417, 558, 559, 613, 826, 1105, 1105, 1707, 3271, 3193, 3193, 3271, 3450], [2732, 2038, 2038, 2038, 1330, 1342, 1308, 1308, 206, 185, 200, 0, 217, 358, 359, 413, 626, 905, 905, 1507, 3071, 2993, 2993, 3071, 3250], [2515, 1845, 1845, 1845, 1548, 1559, 1525, 1526, 423, 402, 417, 217, 0, 141, 142, 196, 409, 688, 688, 1290, 2854, 2776, 2775, 2854, 3032], [2403, 1986, 1986, 1986, 1689, 1700, 1666, 1667, 564, 543, 558, 358, 141, 0, 31, 84, 298, 576, 576, 1178, 2743, 2664, 2664, 2742, 2921], [2372, 1987, 1987, 1987, 1690, 1701, 1668, 1668, 565, 544, 559, 359, 142, 31, 0, 56, 267, 546, 545, 1148, 2712, 2634, 2633, 2712, 2890], [2379, 2040, 2041, 2040, 1743, 1755, 1721, 1721, 619, 598, 613, 413, 196, 84, 56, 0, 273, 552, 552, 1154, 2718, 2640, 2640, 2718, 2897], [2106, 2254, 2254, 2254, 1957, 1968, 1934, 1934, 832, 811, 826, 626, 409, 298, 267, 273, 0, 279, 279, 881, 2445, 2367, 2367, 2445, 2624], [1827, 2533, 2533, 2533, 2235, 2247, 2213, 2213, 1111, 1090, 1105, 905, 688, 576, 546, 552, 279, 0, 0, 602, 2166, 2088, 2088, 2166, 2345], [1827, 2532, 2533, 2532, 2235, 2247, 2213, 2213, 1111, 1090, 1105, 905, 688, 576, 545, 552, 279, 0, 0, 602, 2166, 2088, 2088, 2166, 2345], [1450, 2288, 2288, 2288, 2838, 2850, 2816, 2816, 1714, 1693, 1708, 1508, 1290, 1179, 1148, 1155, 882, 603, 603, 0, 1790, 1711, 1711, 1790, 1968], [1801, 2792, 2792, 2792, 3828, 3840, 3806, 3806, 3276, 3255, 3270, 3070, 2853, 2742, 2711, 2717, 2444, 2165, 2165, 1791, 0, 198, 198, 0, 1767], [1723, 2713, 2714, 2714, 3750, 3762, 3728, 3728, 3198, 3177, 3192, 2992, 2775, 2663, 2633, 2639, 2366, 2087, 2087, 1713, 198, 0, 0, 198, 1689], [1722, 2713, 2714, 2713, 3750, 3762, 3728, 3728, 3198, 3177, 3192, 2992, 2774, 2663, 2632, 2639, 2366, 2087, 2087, 1712, 198, 0, 0, 198, 1688], [1801, 2792, 2792, 2792, 3828, 3840, 3806, 3806, 3276, 3255, 3270, 3070, 2853, 2741, 2711, 2717, 2444, 2165, 2165, 1791, 0, 198, 198, 0, 1767], [1044, 2260, 2261, 2260, 3297, 3309, 3275, 3275, 3467, 3446, 3461, 3261, 3044, 2933, 2902, 2908, 2635, 2356, 2356, 1982, 1779, 1701, 1701, 1779, 0]]}